10
14 1356
46
1271 1355
1354 1356
977 1144
1100 1347
49 347
1126 1314
359 982
320 379
463 1062
973 1339
1253 1335
346 923
1260 1333
366 1246
30 1278
1191 1297
179 630
137 897
760 1227
1300 1334
121 1216
1197 1307
783 1306
48 393
846 1249
1331 1351
955 1331
1354 1356
1282 1294
327 615
85 838
1207 1276
184 1327
782 1214
1079 1227
227 718
944 1162
723 779
790 1064
910 1144
556 1094
681 951
69 1090
13 55
32 670
359 1122
42
150 89
913 286
113 82
694 657
1059 149
637 144
1210 377
756 610
446 431
197 153
743 46
61 50
1055 521
833 704
1118 247
551 244
249 245
7 2
176 45
943 523
836 181
246 53
967 566
171 14
1297 799
321 29
676 166
1241 1183
822 237
641 141
522 90
281 6
987 962
310 207
254 240
544 102
598 479
1042 163
1317 353
1343 486
716 279
112 92
8 4418
46
4416 4418
4309 4403
1672 3376
4135 4319
1258 3545
3090 4068
1089 3931
3982 4131
428 4211
761 4148
2366 3195
1080 2214
992 4189
1934 2655
443 3447
3121 3233
1791 3792
3391 3440
2090 3399
1017 2930
3910 3950
65 726
4318 4417
1377 2775
1249 3759
3315 3926
2955 3255
2729 4345
1591 3529
1393 2508
1068 4094
42 3321
1383 3110
321 4263
3570 3609
2816 3382
2305 3078
3235 3712
3489 4287
2497 4350
1025 2801
2535 2950
3840 3943
3663 3847
1269 3159
472 3198
2
3611 2010
194 121
4 7212
49
3748 6062
3134 7170
1222 3908
7150 7182
3309 6790
4138 4145
3991 4254
475 955
6363 6434
1149 1698
3038 3535
463 1151
919 1828
5825 6497
708 3432
3976 5123
7158 7193
2148 6482
695 6303
897 3589
1210 4289
1389 6110
6727 6958
1641 3952
2417 4308
5375 6711
217 2273
5599 6602
3009 4455
3960 5465
4510 5366
3014 6880
7023 7094
208 4079
3177 4355
1347 5071
95 1470
3726 6542
1541 3610
3880 7087
722 4790
4598 6040
4846 6368
814 4296
35 1449
4548 6486
3366 4503
6144 6703
5990 5992
2
1490 70
7211 1787
16 7627
26
2851 4808
3323 5663
5271 6501
3153 5907
7167 7558
2835 7006
4098 5549
3632 6050
6097 7144
5748 7131
4136 5210
3531 3719
971 5350
65 651
4105 7355
3428 3978
3758 5355
3375 4743
4231 6410
975 7551
4508 5708
7224 7367
4415 6310
1345 1951
1640 4883
744 862
45
904 881
955 225
1467 35
7626 2462
5709 3858
5536 342
4919 4831
67 27
648 307
4363 3099
2763 1062
5111 3753
4171 1910
2587 100
5935 1895
5039 611
6129 974
6251 5321
2022 1421
4280 169
6008 4207
7202 113
3470 1702
6408 1567
4441 4271
962 582
4783 1015
3865 3114
229 16
2945 1954
5583 1475
1095 28
5910 3582
158 107
782 741
2181 806
1223 1011
6712 2310
108 22
1526 173
198 25
4353 3971
6054 122
1022 93
3891 2170
16 6172
7
5171 5722
1433 1770
5595 6091
47 1590
1080 5576
2715 3724
5079 5308
15
5857 3480
6171 1167
831 234
1712 1202
1473 15
4407 2892
4521 3878
5327 3817
5392 3391
4951 840
5594 1129
4440 3439
3003 119
4015 1667
848 646
4 3903
47
2603 3473
2574 2854
2977 3523
1193 3435
1230 2710
742 1168
35 2243
575 590
1144 3826
1750 1838
3765 3825
44 1784
263 2530
210 3318
3153 3213
2182 3022
3752 3769
3710 3742
1679 3566
3635 3746
1521 3419
1794 2835
3366 3811
2190 3007
3859 3899
2433 2608
1759 2577
1889 3862
13 2295
3845 3866
3375 3542
2875 3747
1175 1447
1234 3844
923 934
1983 2340
723 3292
99 803
2795 3017
250 407
2071 2911
95 3154
3273 3627
2849 3631
328 661
3855 3858
111 1710
19
3902 406
615 189
2214 1730
2814 23
271 139
2790 857
2371 1387
1727 540
2554 1171
335 67
2300 2033
1141 121
3725 3372
901 199
2241 1751
3355 1941
3075 2439
289 10
783 318
10 1099
20
1097 1099
270 298
1054 1081
216 1056
714 730
95 685
16 114
305 314
88 284
377 871
498 809
239 857
626 1023
238 286
354 1065
823 897
814 913
674 958
859 971
350 807
15
1098 1025
365 289
946 346
1004 81
5 3
961 750
8 6
253 82
710 33
767 764
60 27
17 12
905 186
977 255
321 203
4 6199
28
4458 5935
6197 6199
4146 4295
3756 4223
6017 6131
2847 5091
2991 5911
4898 5836
3811 5378
182 4087
4025 5006
5369 6091
1086 5766
1624 3231
5403 5436
2527 3119
617 2743
2298 3439
3110 4945
2286 4894
663 1206
2819 5958
2262 3102
5383 6193
3691 4654
4663 4849
5226 6161
3175 4636
14
2771 2369
6198 4079
794 783
5503 4382
6174 524
1186 535
4842 3467
3667 3336
5817 2002
4273 4179
1345 705
4251 4041
4614 1654
439 121
6 6506
44
3715 4118
145 3089
1800 6358
3251 5808
4799 5130
561 4291
5291 5721
5951 6390
538 2594
4446 5458
855 1430
3263 4739
3096 3547
5203 6371
1790 2080
3327 4847
2710 4014
2279 4425
3211 4951
1615 2727
5719 6437
494 4911
4463 5035
4659 5604
2606 2983
1320 5330
1236 2438
1910 4223
2912 3947
735 2902
6366 6385
3134 4689
753 3576
170 3594
366 3577
3264 3673
4604 5815
5456 6214
1768 3124
6154 6355
5991 6286
4015 4337
5771 5958
3039 4894
37
1738 725
2271 294
479 450
1142 425
694 257
5634 926
934 513
2635 1051
3006 64
646 47
5164 4215
1177 20
2605 1702
2211 1241
4675 1894
2903 1618
5582 2674
2314 2132
3554 2255
4990 188
2502 831
687 43
2995 2035
3942 2419
2281 1090
5018 2943
2335 1340
1126 114
5159 1526
4983 2195
2777 511
5099 4644
1974 1934
1113 691
4209 205
4022 976
2953 252
4 1325
31
1323 1325
259 570
898 1045
1095 1119
370 438
704 806
1090 1094
22 160
702 855
686 902
524 651
11 955
1198 1250
311 721
23 47
1001 1245
841 925
846 864
46 379
630 646
125 1291
851 873
1190 1298
801 1142
911 967
526 987
201 731
750 951
1206 1231
226 285
490 1075
46
1324 315
1259 1170
679 525
209 28
784 627
619 91
29 3
684 67
1102 321
63 45
1187 671
1219 473
498 152
167 25
555 325
1321 243
214 183
147 89
835 495
19 17
1184 342
1054 775
77 38
1134 939
544 419
543 86
1249 117
279 140
724 90
62 2
475 21
281 107
1110 343
33 31
1204 236
1144 484
965 111
783 60
730 284
764 120
386 78
958 162
611 32
844 331
871 450
159 65
